3111
2533
5986
7207
4892
64
6322
74
4043
6306
4048
4050
4058
6299
6313
6297
2414
937
4055
4060
5417
4061
918
6252
2405
958
6235
2398
4075
968
970
4076
973
2395
6270
952
2426
6224
3919
6470
3933
6445
6444
3942
2489
3948
6432
3957
6416
3963
2473
2471
2470
864
3975
6384
6375
2460
3987
891
4021
6347
4025
4028
6330
6329
909
6319
6219
2381
2391
1066
2329
2327
2325
6065
6061
1080
1081
4172
4176
1097
6030
4197
6018
1106
4212
2293
4221
1130
1131
5984
1133
5983
1135
1136
5978
4230
4236
4245
1065
4080
6089
6096
3916
6198
6190
2371
1005
1007
4107
4108
1014
4113
6163
1023
1024
6155
4124
4125
1032
4128
4132
6130
2351
6129
2350
6126
6122
4149
2339
6108
6100
4155
2512
6478
3904
3702
3703
618
6711
3704
6705
2645
3713
3726
2640
638
6681
641
3733
6678
2632
6668
6662
6661
3741
3743
2627
6652
6651
668
6640
2614
6629
2611
2659
684
2660
6738
6836
3608
2711
3617
2704
6821
3623
555
2696
6805
564
6790
6789
6785
2693
2690
3632
6768
6767
6762
584
586
3648
3652
2676
596
3668
6745
2670
608
6476
6626
2606
768
2549
770
3846
3847
774
6530
6528
779
6526
3853
3860
3861
6517
6514
789
3864
3869
2530
3872
801
6492
6491
6488
812
6482
814
6480
2274
6550
2607
6552
3838
3768
3770
2603
3772
701
702
2601
6608
3778
6602
2592
6591
719
3799
3802
6586
6581
2580
730
6576
736
3812
739
6569
2570
2568
3826
750
2555
762
5953
1155
4248
1566
1570
1980
5357
1978
1577
4710
1580
5339
1966
1593
4731
4733
5317
4736
1606
5308
1609
4742
1611
5296
1946
1620
5282
5278
1941
5268
5261
5252
4692
1648
1990
1993
1465
5510
5504
1471
1472
1476
4613
5486
5484
4642
4647
5459
1506
5451
5438
1521
2011
5428
5425
5415
1541
4675
5404
2002
5399
1551
1552
1555
1557
4690
4599
1649
5238
1875
4887
1734
1738
1857
5058
1748
5057
4905
4912
1755
4914
1757
1759
4916
4925
5048
1840
1767
1768
4927
5038
4933
4934
5022
1825
1784
5001
1799
4868
5242
1878
5100
1655
1658
4784
4785
1665
1666
5211
5207
1916
4798
5184
4807
1678
5179
5174
1905
4825
4828
4834
5144
5127
5119
4840
4847
5110
1890
4855
4861
5101
4865
5531
2051
5532
5843
4355
2206
4368
4369
5824
4370
5819
5818
5817
5813
1259
4386
5802
5800
5799
2179
2177
5780
5776
2173
4411
2169
4423
2165
2161
1289
5752
5751
4346
2160
4343
2218
3597
1157
2268
1160
1162
5942
2262
4263
4266
5921
5917
5913
1181
5911
5905
1188
5904
4289
1197
1201
1203
5879
4326
1214
5868
4331
5861
5860
4337
5857
2158
4428
5732
1394
4519
5613
5604
4528
4538
1414
2085
5591
4548
5586
2075
5573
4567
1431
5569
5567
5565
2067
4580
2062
5547
4590
4595
1448
5538
5535
5534
5533
4510
5624
5631
1385
2151
1304
4445
5717
5716
5709
1320
2140
5696
5692
1335
4465
5687
1343
5949
4481
5675
4485
4486
5665
1362
5662
5660
5659
1366
4488
2110
5639
1381
2106
2124
6847
4972
6850
2806
2801
25
183
7605
3103
3460
3446
7382
2942
3060
3469
176
410
7048
174
3468
3445
190
191
7115
207
7361
7362
2928
201
200
3443
2816
2932
7597
7103
2814
381
7091
3105
387
19
2823
2788
7387
7513
447
3086
3503
6977
3508
2961
11
7423
6972
148
454
146
3240
2762
85
6973
83
6986
3170
2944
7033
3267
2780
2779
3488
3262
3489
3491
165
7399
3496
7404
7001
6999
2955
3499
7613
2824
7596
211
2863
262
7237
7305
7235
3374
2861
2864
6848
7228
3387
256
7224
7316
7222
7220
7229
7239
3330
265
284
7263
7260
7259
7266
3038
3140
276
3338
7576
3356
7571
7280
3034
7291
3372
3333
7318
2903
7555
326
231
7340
3434
2917
2832
7343
7595
355
2830
7351
7143
219
3298
32
217
7352
3054
7174
6960
3419
234
3123
3027
43
7326
7539
3308
41
7331
3046
240
335
2913
2847
37
3415
7184
7183
343
3524
2796
50
2985
6933
6936
3193
3562
3191
6879
2730
6869
485
478
477
2728
3573
7462
129
473
7461
104
7456
2989
103
124
91
498
89
7509
119
6905
3556
3209
2745
6904
6890
7470
7469
3559
3561
3213
6897
6895
3203
2748
6928
6919
3590
6884
525
141
138
528
7625
470
6953
3537
462
2969
7439
466
7507
467
468
7632
5844
4782
