946
4067
2529
340
5257
4382
97
4392
2060
2583
4397
5524
664
4418
5532
2672
2695
3632
5144
2713
2758
2818
1992
4462
4774
2036
5903
2110
4364
5026
5313
5011
3968
5308
2291
4990
216
5379
1492
3882
1663
2159
249
1451
2380
4331
1405
310
3786
4243
2132
2487
2127
1350
2883
2929
420
159
4177
3290
4546
5214
4526
3272
4627
1843
4191
760
571
5167
4748
5724
3221
4524
5827
3406
3529
5158
3020
6037
3551
931
702
5215
3375
707
316
652
5803
317
3387
3233
2233
3224
1362
4942
2421
1430
1548
225
2335
639
3896
4991
1487
5408
1533
1458
2372
3274
4557
4553
4613
3323
319
950
2501
4870
3067
534
1614
2685
3641
905
1125
906
5862
3615
1069
4463
2976
2892
2907
2922
5528
2643
2639
4879
5809
3187
3175
820
573
1306
832
5898
4547
1304
3132
1281
558
3487
1249
3494
1225
382
355
2526
1317
5116
93
5115
88
3
1750
4258
4064
1712
4109
1782
5173
1800
2206
4229
4263
6033
5051
1453
3738
1673
5464
5294
2387
2107
2398
276
618
127
3802
1707
2489
4055
1415
5438
314
2466
4911
4175
1384
4943
5206
1383
3801
2515
4934
383
2612
1985
1812
4740
1891
4158
2981
3569
4664
1963
46
826
4514
3075
4676
3541
985
2901
2835
1455
4880
2625
20
2656
5876
416
1156
1926
1143
2704
5237
3622
2815
2833
2581
5391
157
1847
5966
4596
5191
1581
196
2294
3876
5771
212
1620
2689
2686
2267
1863
3635
2670
5875
5319
4426
5121
4412
2706
3235
1917
4899
2552
2548
4227
206
616
3253
2310
1519
394
3633
2721
1335
4196
4671
4153
4702
4157
2208
3026
1611
5027
789
171
781
4491
1595
4201
2251
3454
5627
5006
591
774
4208
2812
2798
599
447
4838
2754
2728
6011
4925
5390
2645
4037
5734
3395
1913
253
1484
2338
2439
2384
2151
4621
2346
11
140
275
5917
3914
2344
2469
123
5799
2433
3281
5695
3787
1173
2646
151
5227
3837
5634
488
2919
1196
3782
496
4751
501
1212
1603
4420
5795
1990
1153
2734
5578
4009
5380
5931
2715
4210
1428
5387
4324
4347
722
4165
1411
5605
1565
4850
3286
5607
1770
5410
4200
5399
1906
4072
4575
897
4142
4269
1848
2355
3420
3932
1514
1839
1966
2542
3329
3039
2181
19
1729
5061
1308
170
1233
5118
1235
5689
4253
42
4007
1309
2983
3243
3938
4141
352
2259
5693
901
4018
454
40
4536
2762
4503
1661
54
3495
4754
941
2924
3862
490
487
4145
3971
4757
3302
3178
2878
4775
3159
526
567
4144
3180
4791
2140
1794
606
2044
5357
5961
2617
5042
2052
1652
4635
4395
1248
564
5476
1188
4391
5470
2537
750
344
208
5109
4371
3910
4303
744
1517
5273
5072
2541
2043
3442
2716
3958
1655
2712
2705
2268
4339
4108
13
5068
4548
65
3869
163
1718
3403
899
4073
360
3029
1082
1765
3724
3324
3917
840
1621
2134
5279
5816
2523
3123
2766
312
3306
1702
770
5696
3070
4987
4183
2448
3008
167
199
968
1165
4162
152
1885
1045
762
5242
2442
1557
1762
2378
5882
1905
5718
3447
1540
3211
3287
4399
4563
2430
5350
4190
5154
1897
3547
467
685
3334
3365
5780
3186
3374
588
3148
641
3439
5783
598
1928
5540
4384
1189
4409
2597
372
4215
2562
5466
3763
3764
5998
303
2449
3796
297
2440
1393
4348
4287
2192
2286
1538
1651
5369
2027
4255
1470
2374
1681
5406
2412
282
4985
426
4582
1101
5151
